historical_bs_data <- list(
  Intangible_assets = list(
    "2021" = 1.1, "2022" = 2.6, "2023" = 1.8,
    "2024_Q1" = 1.9, "2024_Q2" = 3.0, "2024_Q3" = 3.5
  ),
  PP_and_A_owned = list(
    "2021" = 1.78, "2022" = 5.65, "2023" = 13.69,
    "2024_Q1" = 17.3, "2024_Q2" = 22.3, "2024_Q3" = 25
  ),
  PP_and_A_ROU = list(
    "2021" = 1.08, "2022" = 15.48, "2023" = 24.45,
    "2024_Q1" = 24.5, "2024_Q2" = 27.7, "2024_Q3" = 28.2
  ),
  Inventories = list(
    "2021" = 6.4, "2022" = 27.1, "2023" = 51.6,
    "2024_Q1" = 65.6, "2024_Q2" = 63.4, "2024_Q3" = 63.1
  ),
  Trade_receivables = list(
    "2021" = 4.7, "2022" = 23.1, "2023" = 51.6,
    "2024_Q1" = 27.1, "2024_Q2" = 34.9, "2024_Q3" = 29.9
  ),
  Other_current_assets = list(
    "2021" = 1.9, "2022" = 5.6, "2023" = 6.7,
    "2024_Q1" = 8.9, "2024_Q2" = 8.9, "2024_Q3" = 10
  ),
  Cash_and_equivalents = list(
    "2021" = 90.4, "2022" = 74, "2023" = 99.8,
    "2024_Q1" = 84.1, "2024_Q2" = 65.1, "2024_Q3" = 52.6
  ),
  Other_non_current_assets = list(
    "2021" = 1.3, "2022" = 0.6, "2023" = 4.2,
    "2024_Q1" = 5, "2024_Q2" = 7.4, "2024_Q3" = 8.5
  ),

  Reserve_for_invested_equity = list(
    "2021" = 95.7, "2022" = 95.7, "2023" = 95.7,
    "2024_Q1" = 95.7, "2024_Q2" = 95.7, "2024_Q3" = 95.7
  ),
  Retained_earnings = list(
    "2021" = 1.8, "2022" = 6.3, "2023" = 42.4,
    "2024_Q1" = 34.3, "2024_Q2" = 27.1, "2024_Q3" = 21.0
  ),
  Short_term_loans = list(
    "2021" = 0, "2022" = 0, "2023" = 0,
    "2024_Q1" = 0, "2024_Q2" = 0, "2024_Q3" = 7.6
  ),
  Long_term_loans = list(
    "2021" = 0, "2022" = 0, "2023" = 0,
    "2024_Q1" = 0, "2024_Q2" = 0, "2024_Q3" = 0.6
  ),
  Lease_liabilities_current = list(
    "2021" = 0.6, "2022" = 2.4, "2023" = 4.7,
    "2024_Q1" = 5.0, "2024_Q2" = 6.0, "2024_Q3" = 6.5
  ),
  Lease_liabilities_non_current = list(
    "2021" = 0.5, "2022" = 13.3, "2023" = 20.5,
    "2024_Q1" =20.3, "2024_Q2" = 22.6, "2024_Q3" = 22.8
  ),
  Trade_payables = list(
    "2021" = 5.5, "2022" = 16.8, "2023" = 31.7,
    "2024_Q1" = 34.5, "2024_Q2" = 35.1, "2024_Q3" = 30.2
  ),
  Provisions = list(
    "2021" = 0, "2022" = 1.6, "2023" = 10.4,
    "2024_Q1" = 8.8, "2024_Q2" = 7.0, "2024_Q3" = 6.6
  ),
  Other_current_liabilities = list(
    "2021" = 3.9, "2022" = 18.3, "2023" = 33.6,
    "2024_Q1" = 37.4, "2024_Q2" = 40.8, "2024_Q3" = 29.1
  ),
  Other_non_current_liabilities = list(
    "2021" = 0.3, "2022" = 0.4, "2023" = 0.1,
    "2024_Q1" = 0.1, "2024_Q2" = 0.1, "2024_Q3" = 0.1
  ),
  Non_current_provisions = list(
    "2021" = 0.2, "2022" = 0.8, "2023" = 3.8,
    "2024_Q1" = 3.7, "2024_Q2" = 3.5, "2024_Q3" = 5.8
  ),
  Other_equity = list(
    "2021" = 0.1, "2022" = -1.5, "2023" = -5.2,
    "2024_Q1" = -5.3, "2024_Q2" = -5.2, "2024_Q3" = -5.2
  )
)
