historical_data <- list(
  Nordics = list(
    "2021" = 23.1, "2022" = 57.8, "2023" = 114.1,
    "2024_Q1" = 15.9, "2024_Q2" = 29.2, "2024_Q3" = 26.7
  ),
  Rest_of_Europe = list(
    "2021" = 4.1, "2022" = 40.7, "2023" = 144.2,
    "2024_Q1" = 20.3, "2024_Q2" = 19.8, "2024_Q3" = 21.1
  ),
  North_America = list(
    "2021" = 0, "2022" = 1.6, "2023" = 11.3,
    "2024_Q1" = 4.1, "2024_Q2" = 5.9, "2024_Q3" = 3.5
  ),
  Rest_of_World = list(
    "2021" = 0.2, "2022" = 3.5, "2023" = 14,
    "2024_Q1" = 2.8, "2024_Q2" = 3.0, "2024_Q3" = 2.0
  ),
  
  Materials_and_services = list(
    "2021" = 13.6, "2022" = 52.4, "2023" = 129.4,
    "2024_Q1" = 19.6, "2024_Q2" = 29.6, "2024_Q3" = 23.6
  ),
  Employee_benefits = list(
    "2021" = 7.5, "2022" = 21.9, "2023" = 48.9,
    "2024_Q1" = 18.2, "2024_Q2" = 18.6, "2024_Q3" = 18.2
  ),
  Other_operating_expenses = list(
    "2021" = 6.2, "2022" = 20.2, "2023" = 59.6,
    "2024_Q1" = 13.9, "2024_Q2" = 16.6, "2024_Q3" = 17.8
  ),
  Depreciation_and_amortization = list(
    "2021" = 1.1, "2022" = 3.4, "2023" = 6.5,
    "2024_Q1" = 2.3, "2024_Q2" = 2.5, "2024_Q3" = 2.8
  ),
  Net_interest = list(
    "2021" = -0.2, "2022" = -1.3, "2023" = 2.5,
    "2024_Q1" = 0.3, "2024_Q2" = -0.1, "2024_Q3" = -3.5
  )
)
